4294967294,0
16,2
4294967279,285
4294967278,88
4294967279,262
4294967279,284
4294967279,259
16,10
16,0
14,22
14,0
4294967278,260
4294967278,174
4294967279,249
4294967278,208
4294967278,203
4294967278,202
4294967278,201
4294967278,199
4294967278,196
14,1
14,21
14,2
4294967278,187
4294967278,186
4294967278,185
14,7
14,6
4294967278,184
14,4
4294967278,183
4294967278,289
4294967278,182
4294967278,181
4294967278,180
4294967278,179
4294967278,178
4294967278,177
4294967278,288
4294967278,173
4294967279,291
13,5
4294967278,170
13,4
4294967278,169
4294967278,168
4294967278,167
4294967278,285
4294967278,164
16,9
16,8
14,20
4294967278,149
4294967278,36
4294967278,35
4294967278,34
4294967278,33
4294967278,32
4294967278,31
4294967278,30
4294967278,29
4294967278,28
4294967278,27
4294967278,26
4294967278,25
4294967278,24
4294967278,23
4294967278,22
4294967278,21
4294967278,20
4294967278,19
4294967278,18
4294967278,17
4294967278,16
4294967278,15
4294967278,14
4294967278,13
4294967278,12
4294967278,11
4294967278,10
4294967278,9
4294967278,8
4294967278,7
4294967278,6
4294967278,5
4294967278,4
4294967279,132
4294967279,131
4294967279,130
4294967279,129
4294967279,22
4294967279,19
4294967279,18
4294967279,17
4294967279,15
4294967279,14
4294967279,13
14,19
14,18
14,5
4294967278,269
4294967279,267
4294967279,266
4294967279,265
4294967279,264
4294967279,263
4294967279,258
4294967279,390
4294967279,389
14,17
4294967279,255
4294967278,236
4294967278,232
4294967278,230
4294967278,228
4294967278,226
4294967278,224
4294967278,220
4294967278,213
4294967279,211
4294967279,208
4294967279,206
14,16
4294967279,198
4294967279,194
4294967279,188
4294967279,187
4294967279,186
4294967279,178
4294967278,132
4294967278,131
4294967278,130
4294967278,129
4294967278,128
4294967278,127
4294967278,126
4294967278,125
4294967278,124
4294967278,123
4294967278,122
4294967278,121
4294967278,120
4294967278,119
4294967278,118
4294967278,117
4294967278,116
4294967278,115
4294967278,114
4294967278,113
4294967278,112
4294967278,111
4294967278,110
4294967278,109
4294967278,108
4294967278,107
4294967278,106
4294967278,105
4294967278,104
4294967278,103
4294967278,102
4294967278,101
4294967278,100
4294967278,99
4294967278,98
4294967278,97
4294967278,96
4294967278,95
4294967278,94
4294967278,93
4294967278,92
4294967278,91
4294967278,90
4294967278,89
4294967278,87
4294967278,86
4294967278,85
4294967278,84
4294967278,83
4294967278,82
4294967278,81
4294967278,80
4294967278,79
4294967278,78
4294967278,77
4294967278,76
4294967278,75
4294967278,74
4294967278,73
4294967278,72
4294967278,71
4294967278,70
4294967278,69
4294967278,68
4294967278,67
4294967278,66
4294967278,65
4294967278,64
4294967278,63
4294967278,61
4294967278,59
4294967278,58
4294967278,57
4294967278,56
4294967278,55
4294967278,54
4294967278,52
4294967278,51
4294967278,50
4294967278,49
4294967278,48
4294967278,47
4294967278,46
4294967278,44
4294967278,43
4294967278,42
4294967278,40
4294967278,39
4294967278,38
4294967279,20
4294967279,16
4294967279,12
4294967279,11
4294967279,10
4294967279,9
4294967279,8
4294967279,7
4294967279,6
4294967279,5
4294967279,4
4294967279,177
4294967279,292
4294967278,62
4294967278,287
4294967278,172
4294967278,286
4294967278,391
4294967279,388
4294967278,166
4294967278,165
4294967278,163
4294967294,5
4294967278,162
4294967279,290
4294967278,161
4294967279,387
4294967278,60
4294967278,160
4294967278,390
4294967278,159
4294967278,158
4294967278,157
4294967278,284
14,15
4294967278,156
4294967278,155
4294967278,154
4294967278,153
4294967278,283
4294967278,152
4294967278,151
4294967278,150
4294967278,53
4294967278,282
4294967294,1250
4294967278,148
4294967278,147
4294967278,146
4294967278,389
4294967279,289
4294967278,144
4294967278,143
4294967278,142
4294967278,141
4294967278,140
4294967279,288
4294967278,139
4294967278,138
4294967279,386
4294967278,271
4294967279,286
4294967278,268
4294967278,281
4294967278,45
4294967278,265
4294967279,268
4294967278,280
4294967278,264
4294967278,263
4294967278,279
4294967278,262
4294967278,261
4294967278,278
14,14
4294967278,259
4294967278,388
4294967278,387
4294967278,386
4294967278,385
4294967278,384
4294967278,383
4294967278,254
4294967278,253
4294967278,250
4294967278,41
4294967279,385
4294967278,247
4294967279,247
4294967278,244
4294967278,242
4294967278,240
4294967278,237
4294967279,237
4294967279,234
4294967278,37
4294967279,228
4294967279,222
4294967279,220
4294967279,218
14,13
4294967279,216
4294967279,280
4294967279,214
4294967279,213
4294967279,212
4294967278,207
4294967278,206
4294967278,205
4294967279,205
4294967279,202
4294967279,201
4294967278,382
4294967278,381
4294967279,199
4294967279,384
4294967278,380
4294967279,383
4294967278,379
4294967279,382
4294967278,378
4294967279,381
4294967278,377
4294967279,195
4294967279,380
4294967278,376
4294967279,379
4294967278,375
4294967279,193
4294967278,374
4294967279,192
